667767677767767667767677767767667767677767767667767677767767667767677767767667767677767767667767677767767667767677767767667767677767767667767677767767667767677767767667767677767767
667767677767767667767677767767
667767677767767667767677767767667767677767767
667767677767767667767677767767
667767677767767667767677767767667767677767767667767677767767667767677767767667767677767767667767677767767667767677767767667767677767767667767677767767667767677767767667767677767767667767677767767
667767677767767667767677767767
667767677767767667767677767767667767677767767
667767677767767667767677767767
667767677767767
667767677767767667767677767767
667767677767767
667767677767767667767677767767667767677767767
667767677767767667767677767767
667767677767767
667767677767767667767677767767667767677767767667767677767767667767677767767667767677767767667767677767767667767677767767667767677767767667767677767767667767677767767667767677767767667767677767767
667767677767767667767677767767
667767677767767667767677767767667767677767767
667767677767767667767677767767
667767677767767
667767677767767667767677767767
667767677767767
667767677767767667767677767767667767677767767
667767677767767667767677767767
667767677767767
667767677767767667767677767767667767677767767667767677767767667767677767767667767677767767667767677767767667767677767767667767677767767667767677767767667767677767767667767677767767667767677767767
667767677767767667767677767767
667767677767767667767677767767667767677767767
667767677767767667767677767767
667767677767767
667767677767767667767677767767
667767677767767
667767677767767667767677767767667767677767767
667767677767767667767677767767
667767677767767
667767677767767667767677767767667767677767767667767677767767667767677767767667767677767767667767677767767667767677767767667767677767767667767677767767667767677767767667767677767767667767677767767
667767677767767667767677767767
667767677767767667767677767767667767677767767
667767677767767667767677767767
667767677767767
667767677767767667767677767767
667767677767767
667767677767767667767677767767667767677767767
667767677767767667767677767767
667767677767767
667767677767767667767677767767667767677767767667767677767767667767677767767667767677767767667767677767767667767677767767667767677767767667767677767767667767677767767667767677767767667767677767767
667767677767767667767677767767
667767677767767667767677767767667767677767767
667767677767767667767677767767
667767677767767
667767677767767667767677767767
667767677767767
667767677767767667767677767767667767677767767
667767677767767667767677767767
667767677767767
667767677767767667767677767767667767677767767667767677767767667767677767767667767677767767667767677767767667767677767767667767677767767667767677767767667767677767767667767677767767667767677767767
667767677767767667767677767767
667767677767767667767677767767667767677767767
667767677767767667767677767767
667767677767767
667767677767767667767677767767
667767677767767
667767677767767667767677767767667767677767767
667767677767767667767677767767
667767677767767
667767677767767667767677767767667767677767767
667767677767767
667767677767767667767677767767667767677767767
667767677767767667767677767767
667767677767767
6677676777677 667767677767767667767677767767667767677767767667767677767767667767677767767667767677767767667767677767767667767677767767667767677767767667767677767767667767677767767667767677767767
667767677767767667767677767767
667767677767767667767677767767667767677767767
667767677767767667767677767767
667767677767767
667767677767767667767677767767
667767677767767
667767677767767667767677767767667767677767767
667767677767767667767677767767
667767677767767
667767677767767667767677767767667767677767767667767677767767667767677767767667767677767767667767677767767667767677767767667767677767767667767677767767667767677767767667767677767767667767677767767
667767677767767667767677767767
667767677767767667767677767767667767677767767
667767677767767667767677767767
667767677767767
667767677767767667767677767767
667767677767767
667767677767767667767677767767667767677767767
667767677767767667767677767767
667767677767767
667767677767767667767677767767667767677767767667767677767767667767677767767667767677767767667767677767767667767677767767667767677767767667767677767767667767677767767667767677767767667767677767767
667767677767767667767677767767
667767677767767667767677767767667767677767767
667767677767767667767677767767
667767677767767
667767677767767667767677767767
667767677767767
667767677767767667767677767767667767677767767
667767677767767667767677767767
667767677767767
667767677767767667767677767767667767677767767667767677767767667767677767767667767677767767667767677767767667767677767767667767677767767667767677767767667767677767767667767677767767667767677767767
667767677767767667767677767767
667767677767767667767677767767667767677767767
667767677767767667767677767767
667767677767767
667767677767767667767677767767
667767677767767
667767677767767667767677767767667767677767767
667767677767767667767677767767
667767677767767
667767677767767667767677767767667767677767767667767677767767667767677767767667767677767767667767677767767667767677767767667767677767767667767677767767667767677767767667767677767767667767677767767
667767677767767667767677767767
667767677767767667767677767767667767677767767
667767677767767667767677767767
667767677767767
667767677767767667767677767767
667767677767767
667767677767767667767677767767667767677767767
667767677767767667767677767767
667767677767767
667767677767767667767677767767667767677767767667767677767767667767677767767667767677767767667767677767767667767677767767667767677767767667767677767767667767677767767667767677767767667767677767767
667767677767767667767677767767
667767677767767667767677767767667767677767767
667767677767767667767677767767
667767677767767
667767677767767667767677767767
667767677767767
667767677767767667767677767767667767677767767
667767677767767667767677767767
667767677767767
667767677767767667767677767767667767677767767667767677767767667767677767767667767677767767667767677767767667767677767767667767677767767667767677767767667767677767767667767677767767667767677767767
667767677767767667767677767767
667767677767767667767677767767667767677767767
667767677767767667767677767767
667767677767767
667767677767767667767677767767
667767677767767
667767677767767667767677767767667767677767767
667767677767767667767677767767
667767677767767
66776767776776767